
transformMatrix_row0 = 0.84805013359367865,-0.73825429538894016,-0.036583826660256488,15.918265117178745
transformMatrix_row1 = -0.042505005966987641,-0.029813065533877678,-1.0070207166562113,8.2253304047683145
transformMatrix_row2 = 0.00036766902706122158,0.00031012903272454001,-8.7602856095410307e-005,0.025526681723385264
numPixels = 720,486
pixelAspectRatio = 0.90000000000000002
activeVideoOffset = 0,22
activeVideoSize = 720,486
lensImageOffset = 0,0
lensImageAspectRatio = 1.333333333333333
lensImageRadius = 1
centerOfDistortion = 0,0
radialDistortionK1 = 0.0097994614612619997
radialDistortionK2 = 0
frontNodalPoint = -42.959861222895746,-28.323139999999999,10.819776605502911
lookAtPoint = -3.4836224017361177,4.9750898211663115,1.4139495868939786
upDirection = 0.13993729813821135,0.11199725920588077,0.98380595979092766
fieldOfView = 0.236502587351755
CreatedBy = dg
CreatedApp = SmartReg
CreatedDate = 2015-04-03 11:14:10
CreatedNotes = dg
ModifiedBy = operator
ModifiedApp = PitchTracker
ModifiedDate = 2015-10-04 11:29:58
