
transformMatrix_row0 = 0.59074449819530916,0.95478378429877409,-0.025237725876197253,1.0159888349909174
transformMatrix_row1 = 0.037440492519659335,-0.029204530882064886,-1.006077222526975,8.3552349738345484
transformMatrix_row2 = -0.0003425866748789814,0.00028753876243720202,-7.5280037200635405e-005,0.023682564767381366
numPixels = 720,486
pixelAspectRatio = 0.90000000000000002
activeVideoOffset = 0,22
activeVideoSize = 720,486
lensImageOffset = 0,0
lensImageAspectRatio = 1.333333333333333
lensImageRadius = 1
centerOfDistortion = 0,0
radialDistortionK1 = 0.010716667497704
radialDistortionK2 = 0
frontNodalPoint = 43.517398333359246,-27.705633999999993,10.728478493190922
lookAtPoint = -11.602895916854568,18.557756715589381,-1.3836616042949477
upDirection = -0.12822596136258943,0.10540230292792344,0.98612801266880679
fieldOfView = 0.21954119195893401
CreatedBy = dg
CreatedApp = SmartReg
CreatedDate = 2015-04-03 11:14:10
CreatedNotes = dg
ModifiedBy = operator
ModifiedApp = PitchTracker
ModifiedDate = 2015-10-03 12:51:17
