
transformMatrix_row0 = -1.1028855766876582,-0.13729651103682863,-0.0088997674514517226,4.6714645212330437
transformMatrix_row1 = 0.0012462454378267276,0.050888393290767137,-0.99889839277685477,4.2159431674688381
transformMatrix_row2 = 7.431352092818183e-006,-7.3887653733751627e-005,-5.2251254905935364e-006,0.012321388420879917
numPixels = 720,486
pixelAspectRatio = 0.90000000000000002
activeVideoOffset = 0,22
activeVideoSize = 720,486
lensImageOffset = 0,0
lensImageAspectRatio = 1.333333333333333
lensImageRadius = 1
centerOfDistortion = 0,0
radialDistortionK1 = 0.00077822120978199999
radialDistortionK2 = 0
frontNodalPoint = -16.310382819769064,164.22929099999999,12.566824882625037
lookAtPoint = 0.33004664465515765,-1.2213934638045694,0.8666213284137545
upDirection = 0.00072306286677009288,-0.070468621530211328,0.99751373452184744
fieldOfView = 0.036175848572858001
CreatedBy = dg
CreatedApp = SmartReg
CreatedDate = 2015-04-03 11:14:10
CreatedNotes = dg
ModifiedBy = operator
ModifiedApp = PitchTracker
ModifiedDate = 2015-10-03 12:53:11
